# oST version 5.0 parameters


[image]

width
640

height
480

[narrow_stereo]

camera matrix
777.360034 0.000000 320.455951
0.000000 776.712560 259.972705
0.000000 0.000000 1.000000

distortion
0.109542 -0.588847 0.001309 0.003318 0.000000

rectification
1.000000 0.000000 0.000000
0.000000 1.000000 0.000000
0.000000 0.000000 1.000000

projection
777.344849 0.000000 321.324193 0.000000
0.000000 779.339722 259.827738 0.000000
0.000000 0.000000 1.000000 0.000000

