# oST version 5.0 parameters


[image]

width
640

height
480

[narrow_stereo]

camera matrix
377.383070 0.000000 320.659065
0.000000 496.595254 245.629344
0.000000 0.000000 1.000000

distortion
-0.128676 0.089883 0.001536 -0.000427 0.000000

rectification
1.000000 0.000000 0.000000
0.000000 1.000000 0.000000
0.000000 0.000000 1.000000

projection
362.999878 0.000000 319.732914 0.000000
0.000000 482.477356 245.955260 0.000000
0.000000 0.000000 1.000000 0.000000

